22226
19080
18815
19477
19538
19986
19722
19638
19495
19778
20616
20565
20033
19830
19373
19720
19418
19401
19314
19440
19386
19960
19529
19426
18954
19384
19122
18885
19114
19227
19100
19151
19394
20017
20237
19528
19257
19415
19490
19003
19230
19287
19181
18911
19484
19768
20561
19940
19838
19765
19745
19458
19249
19056
19289
19023
19343
19024
19493
20081
19999
18926
18861
19009
19797
19226
18796
18848
18893
19042
19040
19173
19713
19846
19488
19179
19357
19314
19062
18956
19309
19017
19012
19185
19475
19982
19745
19620
19469
19382
18971
19118
19013
19020
19024
19263
19104
19293
20019
19957
19397
19400
19583
19393
19400
19294
19223
19344
19206
19109
19233
19188
19885
19791
19596
19428
19385
19541
19257
19073
18709
19266
19173
19058
19073
19899
20142
19792
19474
19707
19810
19212
19108
19169
19353
18980
19247
19479
20295
20623
20343
20016
19591
19957
19591
19179
19301
19393
19201
19350
19080
19305
20265
20029
19584
19373
19449
18997
18931
18917
19194
19092
19157
18900
19276
20206
20166
19727
19045
19920
19999
19364
18860
19429
19188
19284
19113
19461
19893
20140
19634
19733
19291
19765
19702
19294
19109
18917
19019
19409
18690
18720
19107
19139
19146
18835
18775
19302
18682
18987
18829
19288
18873
18966
19138
19210
19725
19912
19670
19326
19538
19671
19435
18672
18817
19806
19213
19381
19177
19875
19985
19727
19618
19426
19143
19333
19163
19243
19230
19386
19436
19311
20106
19791
21575
21317
19617
19180
19453
18040
18662
18749
18677
18945
18566
22072
22027
19236
17360
18180
