20403
18610
19144
19951
20003
20508
19300
19168
19955
19724
20213
19628
18529
19044
19687
19438
19080
19764
20511
20615
20260
19823
19860
19678
19799
19412
19597
19517
19022
18974
19597
20015
20282
20046
19805
19673
19486
19203
19175
19125
18926
18944
19142
19154
19642
19935
19529
19291
19550
19351
19467
19359
19399
19352
19039
19022
19301
19563
20155
20190
20060
19694
19389
19610
19543
19352
19372
19269
19369
19307
19586
19948
20087
19579
19656
19223
19041
18964
18755
18819
19405
19423
19225
19208
19454
19809
19749
19489
19528
19556
19413
19219
18954
19017
19265
19283
19451
19800
19712
19751
19483
19166
19333
18799
19112
19422
19670
19840
20114
19975
19791
19945
19791
19658
19447
19276
19394
19227
19580
20110
20095
20066
19932
19668
19546
19472
19933
19893
19529
19284
19614
19861
19648
20131
20003
19687
19555
19680
19526
19367
19531
19237
19358
19533
20038
19657
18939
19419
19326
18571
18908
19139
19175
18981
19071
19112
19495
19440
19701
19544
19326
19268
19404
19272
19195
19180
19109
19394
19475
19678
19896
20067
19638
19774
19475
19625
19549
19536
19396
19384
19517
19288
19471
20089
20240
19949
19739
19930
19778
19696
19723
19855
19540
19638
19332
19616
19902
20002
19972
19731
19615
19708
19422
19476
19413
19416
19151
19494
19218
19522
19536
19815
19833
19624
19525
19541
19416
19441
19852
19859
19569
20170
20086
20130
20121
20064
19814
19940
19827
19937
20080
19822
19572
19789
20100
20199
20201
20095
19987
19830
19828
19681
19489
19267
19301
19058
19420
19429
19786
19419
