2499
4695
5652
3844
15011
16279
16505
16739
13516
18501
16297
13866
2219
3114
67
1632
23
23
23
1250
21892
11066
12064
13593
15831
10109
8228
5974
11951
16443
12229
20670
21076
20795
23642
24943
4499
7678
13350
8602
5939
5951
18568
24262
18327
4539
16256
16122
17872
7402
18999
19750
16022
17033
14093
12566
14276
14209
4130
8059
7735
11714
5803
6935
7919
6615
17088
14001
8800
7583
10753
6269
19562
14962
20850
17311
18252
17215
16417
16043
17131
23325
15310
22015
32606
32767
29168
25941
13668
9884
26771
15194
2853
6091
16751
13007
17401
11311
12613
8494
13256
7248
20900
31945
14512
15844
15321
29284
17151
20149
11245
16257
13891
16769
10557
12760
17500
17281
30643
20652
27713
20945
18671
16391
19523
24733
24028
23293
14009
23520
17370
23346
11717
21235
12374
14564
15727
24864
13526
13104
16824
22320
26558
18662
18563
8770
22088
28507
30650
19964
23558
24775
31141
28935
15000
13624
24091
27165
14687
27568
21220
24484
20182
30322
20657
14899
11325
9087
15262
8913
12673
3663
17137
12822
19745
12395
20587
15882
15967
16467
10966
24204
8043
14097
14797
26417
15369
21508
19006
15963
14694
9032
23276
21408
24875
20479
28968
23966
19890
18066
22382
15691
19808
28259
19177
25866
20982
16099
24319
31586
25198
27159
21808
25329
26222
21623
26402
22534
24171
21884
28716
28023
32767
30993
32214
31376
32767
32767
32767
32767
32767
32767
32642
32767
32767
32767
32767
32767
32767
32767
32767
32767
32767
32767
32767
32767
32767
32767
32767
32767
