18538
24365
25660
21107
17846
18949
19543
20114
19769
19803
18794
19474
19872
19951
20022
19712
19373
18737
19205
20272
19853
19330
19482
19249
19574
19376
20464
19395
18973
19086
19626
20544
19869
19676
18932
19474
19568
19919
19908
19283
19232
19364
20020
20089
20093
19589
19850
19779
20664
21148
22619
22380
21934
29181
32767
32767
32767
31190
32524
32767
32767
28666
32767
32767
32767
32767
52
11
12
13
11
10
13
14
14
13
0
9
11
14
14
10
12
12
12
14
15
13
14
13
11
13
13
13
12
14
12
11
10
12
12
14
12
11
11
10
10
10
10
12
11
11
11
11
13
13
13
12
11
13
14
14
16
15
14
11
13
13
14
10
12
12
13
14
11
13
12
10
13
14
11
12
13
12
8
11
11
12
12
10
11
12
12
11
12
13
9
11
13
6863
22455
23798
18162
14180
30292
32767
19154
9980
11480
15728
18806
19246
18087
16635
18288
20199
20321
20061
19193
19302
21137
24689
24199
21851
22770
21187
30428
27914
29070
15609
7231
12139
13832
11978
12383
10530
15744
20797
20848
16373
16042
30136
28082
23552
10758
5887
11587
17274
30916
27671
20511
14919
13638
16286
19357
19483
15096
21152
19086
12951
12866
15853
25535
23528
17701
24141
32767
32767
29337
22667
24591
22032
17123
16860
15699
12354
10720
13412
15705
16028
15221
18348
21620
17350
15931
24253
30916
16253
9282
10835
10864
14485
20157
17162
23310
25909
30898
14240
11367
10917
17779
14890
17765
24470
17283
14554
20985
21824
15810
14135
27133
16746
13855
14823
21211
27923
22431
18149
10430
11460
24080
28451
18273
6908
24004
28095
14745
12901
14186
16953
17207
15005
12758
14056
19704
18237
17983
14953
16531
18983
19426
32767
19164
10831
21587
32767
31196
29724
18629
4083
2663
7798
16063
14630
11505
15394
17837
17562
23099
21588
23265
21157
32750
29809
17184
15107
19446
16225
15199
12518
14846
15471
21345
16536
17459
15374
64
4536
1886
16639
12987
14469
11693
14969
24704
25871
16272
25192
17410
15619
17162
19920
21823
21499
28428
22996
24098
25086
31712
30408
27189
32767
32767
32767
32767
32767
32767
32767
32767
32767
32767
32767
32767
32767
32767
32767
32767
15983
3062
20238
32767
32767
32767
32767
32767
32767
32767
5767
867
13
12
9
13
12
12
32767
32767
32767
32767
32767
32767
32767
26499
14490
14199
22595
25187
22103
22959
21025
25962
32767
32767
32767
32767
32767
32767
32767
32767
32767
32767
32767
32767
32767
32767
32767
32767
32767
32767
32767
32767
32767
32767
15550
1643
11344
18595
17572
17505
12241
10292
664
10700
24920
20744
30354
32767
30882
32767
32767
32767
32767
29342
30946
31487
31309
28571
32027
32767
32767
32767
32767
28297
32767
32767
32767
32767
32767
32767
32767
32767
32767
32767
32767
32767
32767
32767
32767
32767
32767
32767
32767
32767
32767
32767
32767
32767
32767
32767
32767
32767
32767
32767
32767
32767
32767
32767
32767
32767
32767
32767
32767
32767
32767
32767
32767
32767
32767
32767
32767
32767
32767
32767
32767
32767
32767
32767
32767
32767
32767
32767
32767
32767
32767
32767
32767
32767
32767
32767
32767
32767
32767
32767
32767
32767
32767
32767
32767
32767
32767
32767
26251
13203
11719
14121
17886
18457
17884
18941
19740
21778
19358
18025
16634
19128
20573
16138
12864
14857
20752
21155
13605
16879
18337
18696
19231
17580
17172
14819
17811
17295
16763
18389
17561
19253
16869
17824
26158
25969
25642
20441
16994
14760
15651
18218
18359
19797
17547
17349
18396
19177
18909
16023
18709
21666
26155
26104
22617
21619
19766
20879
18113
19091
21966
18283
20007
19083
18590
17600
13916
17890
16748
12082
9233
6679
6084
7084
14493
17573
20788
32767
32047
18816
11565
15745
22520
17137
17265
18269
17795
14085
19553
22961
18513
15944
15007
20575
23224
13661
13528
16461
13840
17653
32767
32767
32767
24247
5919
853
5454
11769
19914
17365
15959
30818
10535
14175
31677
32767
32767
32767
14440
4119
3476
11581
17578
20161
17705
16162
19516
23168
15898
16689
20310
30851
28978
19549
32767
32767
23656
2031
11
8345
11554
32767
32767
32767
19583
27295
32767
32052
10848
8292
32767
17227
876
471
5735
29852
32767
32767
31912
1413
14
16794
18027
31772
32767
32767
12068
1713
9556
10665
12080
17051
32767
32767
14680
13
30137
32767
32767
32767
32767
32767
32767
32767
32767
32767
32767
32767
32767
32767
32767
32767
32767
32767
32767
32767
32767
32767
32767
32767
32767
32767
32767
32767
32767
32767
32767
