22823
18647
20922
22049
21811
20137
19429
21852
22316
21101
21494
22736
21540
20893
20802
21611
22355
21271
21608
20810
20223
21550
21586
20100
19803
19111
19697
18310
17146
20806
21118
20347
20449
19516
18282
18246
18846
18993
18436
18180
19095
20050
19772
19348
20470
21432
19429
18040
19297
19612
18583
18681
20972
19942
19792
20959
21743
20476
19608
19150
19591
19122
18410
21554
21079
20483
20097
22027
21522
19499
18958
19304
20335
18130
18061
20879
21276
21169
20245
20783
20270
19129
19580
19964
19443
19536
19675
21857
21410
20323
20544
21081
19542
19059
20058
19986
18490
18327
19147
20702
19808
19862
19881
20013
19170
19353
19636
19155
18339
18463
19593
22308
20064
20122
19862
21179
20080
19368
18942
19764
18926
19354
19971
21120
20979
20256
19622
20435
19559
18522
19556
19516
19117
19072
20526
21475
20828
20467
20756
20914
19386
18723
18858
18303
18504
18205
20787
21213
19097
18905
20173
20851
19979
19663
19092
18991
19288
18870
19791
22178
20961
19604
20261
21406
20695
20153
19784
19482
19495
19674
20697
21823
20713
20155
20870
21154
20099
19516
19113
19367
19203
19290
19825
21875
20502
19589
20386
20815
19776
19582
19902
19258
18729
18467
20071
21513
19514
18263
19352
19599
19761
18971
19095
18492
18499
18703
19319
21084
20655
20212
20500
21244
20610
19765
19536
19554
19781
18851
19595
21504
20640
20246
20432
21297
20337
19467
19600
19781
19275
18776
19502
20944
20623
20621
20660
20837
20267
19357
19653
18757
18188
18114
20377
20076
19479
18967
18719
19854
19478
18918
