23833
21114
20514
20300
20747
20259
19116
18237
19026
18598
21439
22758
20471
19352
19474
20186
18960
18260
18188
18491
18122
22260
22323
19612
18161
19477
19811
18762
18073
18000
18464
18261
23438
21142
19594
18373
19603
19663
18660
17875
17103
17740
17991
22753
22200
19568
18248
19338
19183
18251
18144
17929
18400
18189
18075
25268
21858
19640
18620
20704
19504
17795
17765
18874
18785
18076
18455
25943
22229
19775
18559
20271
19160
18314
18296
18078
18786
17881
20824
26261
20675
18125
19230
20542
18737
17983
17961
17622
17012
17773
22990
24861
19678
16778
19480
20325
18245
17394
17319
17783
17473
17263
23488
19773
17352
19015
20651
19040
17928
17283
16935
17537
17413
23764
22266
20144
19779
21492
20201
18809
18624
18690
18181
20550
24225
21399
19420
19420
20239
19633
18501
17755
17994
17558
17330
25898
23573
20718
18781
19528
18861
18500
17984
18410
18583
17626
17638
20783
26878
21971
19706
18082
19654
19183
17995
17531
18145
18770
18336
18401
18830
20832
25277
20978
19673
18296
19990
18838
17491
18050
18127
17680
18572
18242
17622
24489
24290
20052
18979
20621
20651
18866
18129
18492
18662
18159
18127
22323
24712
20660
18967
19376
20421
18969
18736
18688
18944
18539
17303
20147
25697
21512
19167
18274
19915
18714
17532
17253
18463
17717
17738
20963
22934
19124
17915
19885
20980
18809
17426
17911
18771
18284
17466
24680
22131
19992
18085
20391
19980
18473
18796
18227
17721
17975
17999
25334
23037
19847
17998
19498
18972
17391
17188
17566
18611
19221
18336
19942
22937
19635
