11
10
11
11
11
12
11
10
11
14890
22671
18661
17609
21187
20934
17975
17109
19365
19279
18387
18164
18255
18734
22452
21252
18736
18067
20503
19742
18308
18490
18727
18591
22733
21081
18468
17772
20118
19525
18692
17690
18100
18706
23521
20705
18239
18387
19806
19248
18269
18179
18845
18583
22454
22128
18870
17079
19403
19414
18390
17935
17899
18391
18644
23458
21132
18180
17555
19648
19304
18014
18224
18634
19093
18901
19699
25240
20040
18869
19427
21781
19992
19130
19319
19721
20413
19993
22464
25584
19301
18410
19664
20924
19669
18579
18257
19795
20268
21771
18856
26462
21071
19372
19174
21390
19647
18940
19572
19573
19521
18996
18568
24602
20447
18644
18673
21051
19073
18485
19649
18612
18305
18988
24580
21955
19345
18532
20914
20573
19042
19194
19229
18255
18491
25036
21283
19914
18647
20986
20133
18538
18719
19601
19225
18922
24799
21800
20624
19031
20163
20089
19093
19002
18817
19361
19039
18842
21064
24336
20591
19324
18466
19899
19367
18548
18570
18935
18578
17731
18379
17989
20442
24130
20122
19227
19625
21108
20162
19327
19357
20050
19158
18964
19013
18666
24369
22046
20734
18950
19966
20312
19671
19908
19773
19528
18563
18584
18616
19122
25795
22292
20425
19289
20616
20422
18880
18798
19127
19129
19520
18921
18352
18935
26059
22089
19936
18875
20379
20099
19074
18704
18947
18366
18522
18615
18419
24393
21979
20304
19041
20952
19368
18267
18963
19439
19399
19053
18760
24932
22552
20121
18364
20343
19859
18513
18261
18893
18523
18682
19609
