7965
7063
9558
9801
17716
4058
9043
4061
9239
13805
4422
14222
4068
2103
1018
4825
15612
6832
13586
4259
10710
16350
10890
18809
6941
14031
10782
14629
24361
13261
21492
4996
5316
9210
4574
9098
2255
10393
6312
8734
14321
2464
9239
54
4206
11171
3935
11327
5397
14125
13316
11995
17442
7458
15985
6982
10155
12644
7262
14673
8194
14990
6424
8146
14727
9278
10944
909
6354
7398
8858
19236
5424
13794
9472
8790
10559
2079
9587
2985
13744
12572
9587
16928
10000
16663
8193
12419
12052
10995
21768
10412
16393
9696
10692
14968
15094
22656
4504
16418
13887
9154
15117
3796
14383
8448
10393
12589
7070
16181
6049
13510
9246
10088
16305
7183
13021
3909
12267
11556
6558
13888
4058
12756
4065
6903
19557
10650
18203
7572
13117
13060
9419
19531
9876
18205
10223
12958
16546
8952
18354
9218
15266
14608
10887
16472
6770
16553
8537
10501
13107
3769
19884
8595
13495
6567
13493
18459
8107
14466
12639
19480
13625
11733
19557
8882
15550
10777
14862
19855
11099
17742
5847
16814
13805
13030
16835
10815
21121
8462
14434
15939
9472
17773
8317
16045
10932
13283
13479
6616
20953
10486
16406
14149
11541
20516
10216
17882
8196
13116
13939
8126
16485
7773
17094
11717
11932
16273
5845
18454
9724
14716
15091
10680
19318
7817
17531
13129
13195
18621
8050
18765
10481
15984
15704
12202
19422
8503
16489
8759
12113
18665
8446
18604
5858
10018
10516
11543
17906
8935
13787
8054
17352
18016
9028
17636
7741
16626
13456
11768
18270
7028
17636
8395
13492
17252
12879
16260
5596
15386
7878
8977
15442
6507
18077
2458
1826
2270
4063
15024
3479
12680
6214
11008
18459
6698
12891
1203
12382
12426
9814
12266
4337
14194
8034
15106
16867
14416
24131
12430
21054
13412
15402
17141
9694
21175
10306
15295
16781
13752
19367
9088
19764
10632
14171
17283
11959
22119
9394
14839
13834
12209
16122
5778
17531
10226
14804
16296
10580
18820
8240
16199
11516
12437
17909
8295
19395
7563
15019
15428
8416
18468
7131
14571
10036
12683
17629
7972
18347
8068
16442
16277
10616
15892
6879
15906
7757
9708
15645
6177
18071
6853
11553
14396
13072
19869
6695
19120
11894
10421
12923
9914
20574
9348
17397
12934
10670
19850
8459
17858
8157
13513
14333
12669
20151
8927
17369
16853
17777
14044
4807
15440
12801
18374
15327
12843
16478
9696
15813
10181
11881
13104
11486
21029
11978
17343
14315
11046
16288
8012
13762
10391
14767
13631
9341
16506
8348
17218
12886
13366
16428
11061
19495
11277
17236
14087
11377
18448
10503
25097
18014
11679
15303
9490
20459
9881
12365
9305
11656
20017
9308
18823
10883
15170
16087
7279
17472
8018
18019
13983
11823
17038
8521
21789
10641
15862
16002
9215
19674
9595
19423
11680
10943
18363
8494
20404
11448
14439
14552
9528
22076
6376
15139
11413
13862
18634
6418
18584
12158
15908
12092
7216
18465
7209
17438
10556
13726
19873
9777
20943
11882
19740
18365
14942
20510
6004
16831
8501
9556
14876
8177
19942
7903
12167
14743
11252
16719
7041
19487
13396
9704
14931
11144
21711
7042
16457
14497
8330
18464
9677
18695
12122
15996
18548
8920
18623
7827
18570
16671
9893
17823
7597
19133
8777
11061
17260
10997
21505
9623
13015
9140
10238
23363
11671
18776
7545
11519
14120
6812
18654
9774
20362
14537
11613
16708
7914
19811
10722
14971
16841
11437
20659
10019
21975
14488
10875
16319
9679
21917
11290
23872
19918
9071
17868
7197
16020
12855
13680
19642
12293
20140
11172
16326
17378
8263
18478
6625
15592
11292
15041
20326
10030
19988
8899
15961
15193
8206
14472
6164
20579
10889
11435
14821
10751
22339
7863
14191
10019
11507
19252
9037
15387
8801
10160
12795
9648
20667
10444
19385
14350
10529
17184
7408
17006
10600
15685
15094
15386
32767
14865
27263
18554
9836
15250
10719
18471
8717
12834
21042
32349
32767
32767
32767
32767
32767
28580
22032
32767
32767
32767
32767
32767
32767
32767
32767
32767
32767
32767
29191
32767
23409
30185
32767
29409
30480
18244
23012
22315
25750
32767
28404
32767
4551
19261
24030
31714
32767
26748
32767
32767
32767
32767
32767
32767
26445
32767
32767
32767
32767
32767
32767
32767
26238
30097
32767
32767
27829
32767
25113
26031
32767
27529
32767
24238
30193
32767
32767
32767
25201
30980
26373
29137
32082
25719
32423
22267
32767
32767
32767
32767
32767
32767
32767
32767
32767
27305
32767
29431
32767
32767
32767
32767
21695
21758
21948
27990
28389
15593
24639
24709
32767
31580
21570
21619
14443
28076
2184
16397
30702
29716
32767
21157
24919
14157
3290
19275
18353
32538
23857
20140
