6425
6579
9523
23912
24131
24118
24121
11354
11841
24066
8406
23247
21743
10327
14211
23649
24088
24079
24107
24108
24064
24128
24122
20251
8559
10984
15426
23777
24125
24125
20510
24120
21607
1489
70
16730
24089
24105
22486
3770
7349
5
284
7654
9904
12830
2098
7676
17344
3803
1769
2126
12123
10150
2151
538
4009
219
5
5
5
4
5
5
5
5
5
5
5
5
6
5
4
3010
3046
4
5
5
5
4
4
5
5
4
5
5
5
5
5
4
5
5
6
6
4
5
5
4
5271
2686
4
1334
12150
22344
17077
17893
15493
23575
11362
7138
6
5
5
1789
11156
1772
1507
10325
113
4
5
6
5
4
5
4083
10017
6760
11494
4
473
7032
21419
22188
14808
12756
10186
9441
2631
4
2564
11688
1010
437
9958
10294
8840
5386
7407
3682
727
3194
19
5
5
5
5
4181
9817
5
5
4
4
5
5
8134
5835
6857
11320
5
7469
11943
7494
5
4
5
4
5
170
6
5
5
4
4
1122
11778
13839
7501
890
5
4
4
5
4
6
5
5
5
5
4
6
4
5
4
4
5
5
4
4
5
4
5
5
4
6
5
5
6
4
4
6
4
5
5
4
4
4
5
8697
24139
24127
24136
24110
24132
9506
2811
4
4960
5719
6430
8768
14585
12754
14934
5119
4298
12869
10097
6
5
