513
512
511
509
508
511
508
509
510
517
522
521
519
514
510
510
508
509
508
507
509
508
507
508
509
510
508
509
507
507
510
511
520
526
523
518
512
508
509
509
510
510
510
510
507
510
513
510
511
508
506
507
508
508
511
519
522
522
519
514
509
509
510
510
509
510
511
511
511
511
511
512
512
509
509
511
510
510
514
523
527
522
516
510
511
510
510
506
509
507
507
510
509
510
510
510
510
509
509
506
507
509
512
518
522
521
514
512
510
508
511
511
508
508
510
510
509
508
507
510
511
509
508
508
508
511
512
517
522
521
516
513
510
508
509
508
508
509
509
509
510
511
512
510
510
508
507
509
509
511
515
522
526
523
517
511
510
511
512
510
508
507
507
508
509
510
511
510
507
506
506
507
508
509
516
524
525
520
513
509
510
511
510
510
509
508
509
508
511
512
511
510
510
510
511
508
508
513
514
525
527
520
511
508
509
508
509
509
508
509
508
509
510
510
509
507
509
509
508
510
509
513
520
525
522
515
511
506
509
511
509
510
509
509
510
508
506
510
509
506
506
507
508
509
510
517
525
528
522
514
507
509
508
509
509
509
509
510
509
508
510
513
512
509
507
506
507
509
511
519
526
524
518
511
508
508
508
510
510
509
509
509
508
509
511
511
511
510
509
508
508
507
510
516
523
529
523
515
511
507
509
510
508
510
509
508
508
508
507
508
508
510
510
509
507
508
509
510
517
523
525
520
513
508
508
507
508
506
507
506
508
508
510
