507
507
506
506
508
507
508
517
533
539
528
511
501
499
502
507
511
514
512
508
507
506
506
507
508
507
508
508
507
510
524
538
537
522
507
502
500
505
508
511
512
510
508
506
507
506
506
507
507
507
506
509
516
534
544
535
516
503
499
501
506
510
511
511
508
506
505
506
506
507
507
507
506
507
512
527
541
535
518
503
497
500
504
509
513
513
509
507
505
506
506
507
507
506
509
520
536
542
529
511
499
497
501
505
510
514
511
509
506
505
505
504
506
507
507
507
514
530
543
536
518
502
498
499
502
507
511
512
510
506
505
504
504
505
505
504
506
507
510
521
534
534
521
505
501
500
503
508
511
514
511
508
506
505
506
507
508
508
507
508
515
532
540
531
514
502
499
501
506
509
512
511
509
506
506
506
506
506
508
507
507
507
512
525
541
537
520
505
499
501
503
508
512
512
511
508
507
505
506
506
507
507
507
507
511
524
540
539
523
506
498
498
504
509
512
512
509
506
505
506
507
506
507
508
510
521
540
547
532
512
499
499
501
507
512
513
512
507
504
504
504
504
505
507
508
509
513
529
549
547
526
505
497
497
501
506
510
513
511
506
504
504
505
505
505
507
506
505
506
515
534
550
540
517
501
495
496
503
509
515
513
509
505
504
504
505
505
506
507
507
515
535
552
542
517
498
493
495
501
509
512
512
508
506
503
503
504
506
505
505
506
510
527
549
549
526
505
496
496
499
505
511
513
512
507
503
503
504
505
506
505
507
506
507
514
535
549
540
517
497
492
495
502
510
512
512
508
505
504
505
505
505
506
505
506
511
527
547
545
525
505
496
495
500
506
511
511
509
506
504
503
505
505
505
506
506
508
520
542
552
538
514
499
495
497
503
509
514
512
509
505
504
504
505
505
506
506
506
510
529
553
556
533
505
492
490
499
504
511
513
511
507
505
504
504
506
505
505
507
506
507
519
542
554
539
512
495
491
495
504
510
513
513
509
506
504
505
505
507
506
506
509
521
546
559
544
518
499
492
494
501
509
512
513
507
505
503
502
504
505
506
506
506
506
513
535
556
552
526
500
490
491
497
505
511
514
511
506
502
501
502
503
506
506
505
507
514
537
553
542
517
499
492
495
502
509
515
512
507
503
502
503
504
506
506
506
513
536
556
549
523
502
493
493
499
507
513
515
510
506
503
504
504
505
506
506
506
515
540
560
549
521
499
490
492
498
505
513
513
509
504
502
502
504
504
505
506
505
504
514
539
557
546
518
497
491
494
502
508
512
511
507
503
502
503
505
505
505
505
506
512
534
556
550
522
498
492
494
501
507
513
513
509
505
504
503
504
505
506
504
505
506
506
512
533
559
558
530
501
489
489
495
504
511
512
509
506
503
503
502
504
