53.36
49.44
48.33
47.78
47.78
48.3333
50.00
49.44
51.11
57.22
61.67
58.33
51.11
48.33
48.33
48.89
50.56
51.11
50.56
49.44
48.33
47.78
47.78
48.33
46.11
51.67
51.67
49.44
48.33
48.33
48.89
48.89
49.44
48.89
49.44
55.00
61.67
60.00
54.44
50.00
48.33
48.89
50.00
51.67
51.11
51.11
48.33
48.33
47.78
47.78
48.33
47.78
48.33
48.89
48.89
48.33
48.89
48.33
48.33
49.44
55.00
58.89
56.67
51.11
48.33
47.78
48.89
50.56
50.56
50.56
49.44
48.89
48.89
48.89
48.89
49.44
49.44
49.44
49.44
48.89
49.44
50.00
50.00
54.44
60.00
60.00
55.00
50.00
49.44
49.44
50.56
51.67
51.11
50.56
49.44
48.89
48.89
48.89
48.89
48.89
48.89
49.44
48.89
48.89
48.89
49.44
50.56
55.00
60.00
60.00
54.44
50.00
49.44
48.89
50.00
50.56
51.11
50.56
49.44
47.78
48.89
48.89
48.89
49.44
48.89
48.89
49.44
49.44
48.89
50.00
50.00
53.89
58.33
57.22
52.78
48.89
48.33
48.89
50.56
51.67
51.67
50.56
49.44
49.44
49.44
49.44
49.44
49.44
50.00
50.00
50.00
50.00
50.00
53.89
60.00
61.11
55.56
50.56
49.44
49.44
50.56
52.22
52.78
51.67
50.00
49.44
49.44
49.44
50.00
50.00
49.44
50.00
50.00
50.00
49.44
53.89
61.11
63.33
58.33
51.67
50.00
49.44
50.56
51.67
52.78
51.67
50.00
48.33
48.89
48.89
48.89
49.44
49.44
48.89
48.89
48.89
48.89
48.33
50.56
57.22
62.78
60.56
53.33
48.33
47.22
48.33
50.00
51.11
51.11
50.00
48.89
47.78
47.78
48.33
48.89
48.89
48.89
48.89
48.33
48.89
48.89
48.89
53.33
60.00
62.78
56.67
50.56
48.33
48.33
50.00
51.67
52.78
51.67
50.00
48.89
48.89
48.33
49.44
49.44
48.89
50.00
48.89
49.44
49.44
51.67
59.44
66.67
63.33
55.00
49.44
48.89
48.89
51.67
52.78
52.78
51.11
49.44
47.78
48.33
48.33
48.89
48.89
48.33
48.89
48.89
49.44
48.89
49.44
56.67
66.11
65.00
56.67
49.44
47.78
48.33
49.44
51.11
51.67
50.56
48.33
47.22
47.22
46.67
47.22
47.78
47.78
47.78
47.78
47.78
47.78
47.78
50.00
57.22
64.44
60.56
51.11
46.67
46.11
47.78
50.56
52.22
52.78
50.00
48.33
48.33
48.33
48.89
49.44
49.44
50.00
49.44
49.44
49.44
49.44
55.00
65.00
66.67
58.33
50.00
47.78
48.33
50.56
52.22
52.78
50.56
48.89
47.78
47.78
47.22
47.78
48.89
48.89
48.33
48.33
48.33
48.89
54.44
64.44
66.67
58.89
50.00
47.78
48.33
50.00
51.67
52.22
51.67
48.89
47.78
46.67
47.22
47.78
47.78
47.78
47.22
47.78
48.33
48.33
49.44
56.67
65.00
62.78
53.33
46.67
46.11
47.78
50.00
51.67
51.67
50.00
47.78
47.22
47.22
48.33
48.89
48.89
48.89
48.89
48.33
48.89
50.00
58.33
66.11
62.22
53.33
48.33
47.22
48.33
51.67
52.78
52.22
50.56
48.89
48.33
48.89
48.89
48.89
48.89
48.89
48.89
48.33
50.00
57.22
66.67
66.11
56.11
48.89
47.78
48.33
50.00
52.22
52.78
51.11
48.89
47.78
47.22
47.22
48.33
48.33
48.89
48.33
48.33
48.89
48.33
50.56
60.00
67.22
62.22
53.33
47.22
47.78
48.89
50.00
51.11
51.11
50.00
47.22
46.11
46.67
47.22
47.78
47.78
48.33
47.22
47.22
47.22
47.78
47.78
49.44
56.11
63.33
61.11
53.33
48.33
47.78
49.44
51.11
52.78
52.22
50.00
48.89
48.33
48.33
48.33
48.89
48.89
48.33
48.89
48.89
48.89
48.89
50.00
55.00
63.33
63.33
55.56
49.44
48.33
48.89
50.56
51.67
51.67
50.56
48.33
47.78
48.33
47.78
48.89
48.89
48.33
48.33
48.33
48.33
48.33
47.78
48.89
53.33
59.44
58.89
53.89
48.89
48.33
48.33
49.44
50.56
50.56
49.44
48.33
48.33
47.78
48.33
47.78
47.78
48.33
48.33
48.33
48.89
48.33
48.89
49.44
52.78
55.56
53.33
50.00
48.33
48.33
49.44
49.44
51.11
50.56
48.89
48.89
49.44
48.89
49.44
49.44
49.44
50.00
48.89
48.89
49.44
50.56
54.44
56.11
55.00
51.67
50.00
49.44
50.00
51.11
50.56
51.11
50.00
50.00
50.00
49.44
49.44
50.00
49.44
49.44
49.44
49.44
49.44
51.11
53.33
56.11
55.00
51.67
50.00
50.00
50.56
50.56
51.11
51.11
50.56
49.44
49.44
49.44
49.44
49.44
49.44
50.00
49.44
49.44
50.00
49.44
51.11
55.56
55.56
52.78
50.56
50.00
50.00
50.00
51.11
51.67
51.11
50.56
50.00
49.44
49.44
50.56
50.00
50.00
50.00
49.44
50.00
51.67
54.44
57.78
57.22
53.33
51.67
51.11
51.67
52.22
52.78
52.22
51.67
50.56
50.56
50.56
51.11
50.00
50.00
50.00
50.00
49.44
50.56
49.44
52.22
58.33
61.11
57.78
53.33
52.22
51.67
51.67
51.67
52.22
52.22
51.11
49.44
48.89
48.89
48.89
49.44
49.44
48.89
48.89
48.89
49.44
48.89
48.89
51.67
57.22
59.44
56.11
51.11
49.44
49.44
50.00
51.67
52.22
51.11
50.00
49.44
49.44
49.44
48.89
49.44
49.44
49.44
50.00
49.44
49.44
50.56
53.33
59.44
61.67
57.78
51.67
50.00
50.56
51.11
52.22
52.78
51.11
50.00
49.44
48.89
48.89
50.00
49.44
49.44
48.89
48.89
49.44
49.44
49.44
50.00
56.11
62.22
60.56
54.44
50.00
50.00
50.00
50.00
50.56
51.11
49.44
48.89
47.78
47.22
