507
539
562
562
538
518
512
507
507
510
516
519
515
503
500
498
487
472
423
387
429
501
546
558
551
530
530
541
519
485
495
559
623
614
561
548
520
425
342
269
266
332
423
496
497
446
418
439
500
629
751
831
845
829
774
650
503
436
446
489
534
555
543
516
489
480
483
482
484
490
493
495
497
500
501
494
496
524
562
567
540
513
498
497
496
504
515
517
515
507
503
500
501
499
502
498
499
501
497
496
499
525
569
577
559
538
534
539
539
523
501
484
476
473
476
484
491
498
505
504
503
495
498
499
503
495
499
534
571
571
546
518
509
505
506
507
516
515
513
508
504
503
501
501
499
502
506
503
503
503
499
505
534
564
563
537
513
504
504
503
508
513
515
511
504
503
505
503
500
498
497
496
500
503
499
499
500
534
569
564
540
521
514
507
502
506
516
518
512
505
501
500
498
497
501
502
501
501
500
500
505
504
503
528
566
569
549
525
513
506
505
507
515
519
517
512
507
503
499
499
503
505
503
502
505
505
501
499
517
561
575
559
528
513
508
504
505
513
517
516
510
506
500
499
502
501
501
504
505
499
499
502
500
497
514
558
574
556
526
514
508
503
502
511
517
514
508
502
501
501
499
497
501
505
504
503
500
502
505
500
499
531
570
569
546
520
516
514
520
522
520
486
397
277
178
135
211
345
448
493
519
596
749
895
909
874
720
581
505
500
519
533
528
513
499
497
506
512
513
506
500
494
491
490
495
495
494
497
496
495
493
507
551
568
554
528
510
505
496
499
507
514
514
507
504
503
497
497
496
503
504
501
500
501
499
499
509
545
572
562
535
512
502
500
502
511
521
518
521
553
565
548
522
502
520
545
562
578
601
546
455
402
402
441
487
498
513
496
523
622
654
561
477
548
581
479
380
348
449
544
563
530
504
485
493
518
574
589
574
549
522
507
499
511
526
531
520
508
499
493
493
489
492
499
504
504
496
491
506
562
586
563
529
512
504
499
504
507
516
516
508
500
498
501
503
503
501
500
497
497
498
499
511
569
591
570
537
515
505
499
497
509
519
519
512
501
492
489
492
494
499
501
502
500
495
492
494
494
496
539
585
581
547
516
508
501
496
504
513
516
510
505
501
497
493
496
500
499
500
500
501
497
494
501
551
585
571
537
512
504
500
499
504
514
515
511
502
496
498
