521
526
521
515
510
511
510
512
514
513
513
511
510
509
509
510
510
510
511
510
510
510
509
509
512
517
526
523
518
511
511
510
511
514
513
514
510
509
509
510
508
509
510
510
511
511
508
510
512
520
525
523
516
512
511
511
512
513
513
513
510
510
511
509
508
509
509
509
511
508
509
509
508
510
511
517
523
525
519
513
511
511
512
511
513
514
511
508
510
510
510
510
510
510
511
510
509
511
510
508
508
510
515
521
520
516
511
510
510
511
513
512
512
510
509
509
509
509
509
509
508
510
510
510
509
509
510
509
511
511
516
520
517
513
512
517
632
490
547
905
904
904
904
904
903
904
0
1
0
1
0
238
569
615
540
487
481
496
512
517
516
512
509
428
303
443
611
667
811
904
284
214
371
412
411
438
459
447
520
506
519
533
492
496
528
518
521
509
493
487
495
512
520
516
514
537
533
518
511
498
494
500
563
547
700
907
908
904
903
904
0
0
0
0
0
139
537
611
547
485
471
490
512
519
516
509
507
505
507
506
505
512
508
505
506
502
502
504
507
508
508
510
510
513
516
514
510
508
510
511
513
513
511
512
510
511
512
511
510
511
510
511
512
511
511
511
512
512
513
515
515
514
512
512
512
511
512
513
512
513
511
512
511
512
512
510
511
510
510
512
511
511
512
515
516
513
511
511
510
511
512
513
512
510
511
511
511
510
511
511
511
511
511
510
511
514
517
516
514
513
512
511
511
511
513
512
512
512
511
510
510
511
510
511
511
511
510
510
509
511
512
512
515
516
514
512
511
513
511
512
512
513
512
511
512
510
511
510
511
510
511
511
510
511
509
509
511
511
513
516
516
514
512
510
510
510
512
513
512
511
511
511
510
511
510
510
511
511
511
511
510
510
512
514
516
515
513
512
510
512
512
512
513
512
511
512
511
512
512
511
512
511
511
511
510
511
512
514
519
523
513
482
474
499
600
574
524
505
457
468
500
520
516
505
502
505
494
482
551
628
638
560
477
502
665
836
507
329
356
449
498
495
479
483
497
506
509
508
508
511
512
511
512
512
511
512
513
521
525
524
517
515
513
512
512
512
512
512
512
511
511
509
510
511
510
508
500
500
505
508
510
515
522
524
520
513
511
510
511
512
513
513
514
512
511
510
510
510
510
510
509
509
509
508
507
511
517
518
516
512
509
509
509
509
511
510
510
507
504
504
503
505
506
505
504
505
505
506
507
509
513
518
517
513
510
509
510
508
509
510
511
510
509
508
507
508
509
510
510
510
510
509
508
509
510
509
511
514
516
516
512
510
510
510
509
512
512
511
509
509
510
509
509
510
510
509
509
510
509
509
509
509
510
512
514
513
512
511
511
509
510
511
512
510
510
511
510
510
510
509
509
509
510
510
509
510
510
510
511
514
514
513
512
512
511
512
512
512
511
512
511
510
511
510
510
511
510
511
511
512
512
513
512
513
512
513
516
516
514
512
512
512
513
512
513
513
511
511
511
510
510
511
510
510
511
511
511
510
510
511
512
516
515
514
512
511
511
510
511
511
512
