515
515
512
510
511
511
511
512
512
511
511
511
511
511
512
511
512
511
512
511
512
510
511
510
512
515
517
514
512
511
512
512
511
513
512
512
512
513
512
513
513
512
512
512
512
512
512
511
511
511
513
516
516
513
511
511
513
511
511
512
512
511
511
511
510
510
510
511
512
512
513
512
511
510
510
511
516
517
514
511
511
509
510
512
511
512
512
511
511
511
511
510
510
511
511
512
511
512
514
516
516
514
512
512
512
512
513
512
512
511
511
511
511
511
512
512
511
512
511
512
513
516
514
513
512
512
511
511
512
513
511
511
512
511
511
511
511
511
511
511
511
512
511
511
513
515
516
515
514
514
511
511
513
512
512
512
513
511
512
510
510
511
511
512
510
509
511
509
509
505
499
502
535
548
525
497
496
508
503
507
516
515
506
499
496
488
493
506
527
537
541
521
514
501
486
492
511
540
580
580
543
534
511
556
565
480
480
522
568
541
580
580
580
531
480
480
480
480
505
522
514
500
494
493
489
487
490
502
507
507
504
505
507
504
507
512
514
511
514
511
508
507
508
512
511
509
512
508
509
510
513
512
509
513
518
521
519
514
511
512
514
515
514
512
512
513
512
513
513
512
511
511
509
509
512
511
512
512
518
520
516
514
512
512
512
512
513
514
512
512
512
512
511
512
512
513
512
513
513
512
512
512
515
518
516
513
512
512
513
512
513
513
512
512
512
512
512
512
513
513
514
511
510
510
511
511
512
513
515
516
514
513
514
512
512
513
513
512
512
511
512
511
511
512
512
511
511
512
512
512
512
512
513
515
516
513
514
513
514
513
513
513
514
512
512
513
511
512
512
513
512
511
512
512
513
513
512
512
512
515
518
518
519
542
580
580
580
580
580
580
580
580
580
580
580
580
580
580
580
580
580
580
580
580
580
580
580
580
580
480
480
480
480
480
480
480
480
480
480
480
480
480
480
480
480
480
480
480
480
531
580
580
504
480
485
503
513
516
514
509
507
508
512
512
511
513
501
504
513
520
523
522
521
527
566
580
580
580
580
541
480
480
480
505
580
580
580
580
580
580
580
580
480
480
580
580
580
580
580
580
480
480
480
480
480
480
480
480
480
480
480
580
580
580
580
480
480
480
580
580
580
480
480
480
580
580
580
580
580
580
480
480
480
480
576
580
550
492
481
495
508
512
511
508
508
509
508
514
514
512
513
514
518
517
512
509
510
510
512
513
512
512
512
512
513
514
516
515
515
515
513
514
514
514
513
512
513
513
513
512
514
512
513
513
513
514
513
512
513
515
517
516
515
514
516
516
516
518
517
517
515
515
514
514
512
512
511
511
510
510
508
508
511
512
512
513
512
512
513
512
513
514
513
515
513
513
514
515
514
514
515
514
515
514
512
512
513
512
515
514
516
518
518
518
517
515
514
515
514
514
514
514
514
513
514
513
514
514
513
513
514
513
512
511
512
513
512
513
514
516
516
516
514
513
513
512
513
513
514
515
513
513
513
515
514
513
514
514
514
513
512
513
512
514
514
515
515
517
515
512
511
511
513
515
516
515
514
513
512
513
512
511
513
512
509
507
507
507
509
509
510
512
515
513
510
510
515
518
518
516
518
519
520
520
518
517
517
516
513
512
512
514
516
522
536
580
533
580
580
580
580
580
580
580
580
580
580
580
580
580
580
580
580
580
580
580
580
580
580
580
580
580
580
580
580
580
580
580
580
580
580
580
580
580
580
580
580
580
580
580
580
580
580
580
580
580
580
580
580
580
580
580
580
580
580
580
580
580
580
580
580
580
580
580
580
580
580
580
580
580
580
580
580
580
