509
506
509
509
510
507
504
504
505
506
505
504
504
503
507
511
522
527
521
514
510
506
507
511
511
508
509
510
510
510
511
511
509
507
509
518
525
524
517
513
509
507
508
511
511
510
509
507
506
507
512
512
513
507
512
521
525
523
517
511
507
509
512
508
505
504
505
507
508
506
509
510
510
507
510
521
524
517
510
506
504
504
506
507
507
511
508
507
506
510
512
514
512
511
516
524
525
518
512
508
506
511
512
509
507
506
508
508
506
511
510
511
507
506
515
526
524
521
514
509
508
508
508
509
507
510
510
509
509
510
510
509
508
508
516
527
525
519
513
506
503
504
507
507
505
505
505
506
508
508
512
509
506
506
515
524
523
514
510
504
506
507
508
505
505
506
507
507
510
512
512
510
506
511
522
527
523
516
511
508
507
510
510
508
511
509
509
507
509
509
511
510
508
514
524
524
520
515
509
506
507
507
506
505
509
510
509
513
511
512
510
507
507
518
528
526
520
514
510
509
505
507
506
505
504
503
503
503
505
507
508
507
510
518
524
520
512
507
503
505
508
509
508
507
508
507
507
506
508
511
511
509
511
522
525
522
516
512
510
511
510
512
507
509
510
507
508
508
510
508
509
509
517
525
524
517
509
506
505
509
510
510
510
510
508
507
508
508
512
513
508
508
518
526
525
520
515
509
507
505
506
507
507
505
507
507
507
509
509
506
504
508
519
525
521
515
509
506
505
506
505
507
508
507
509
510
510
511
512
511
510
517
524
527
520
514
509
509
508
509
506
508
507
508
506
507
511
511
510
508
512
524
527
524
516
513
506
507
508
506
505
506
508
508
506
507
509
510
508
506
514
524
526
523
517
512
509
510
510
509
506
509
510
511
511
509
509
507
505
505
515
