539
521
509
499
499
506
512
510
505
503
507
512
513
509
506
500
504
509
509
505
501
505
504
527
551
562
553
536
524
512
510
515
519
515
509
511
513
512
512
511
513
517
516
513
509
502
500
499
503
501
513
539
563
572
566
544
521
508
513
519
529
530
527
525
513
499
490
490
488
488
493
501
506
506
510
509
522
541
546
538
523
507
500
502
514
521
524
517
505
499
498
501
500
502
500
500
504
511
511
502
497
506
536
562
565
554
532
507
495
501
515
520
516
515
516
514
506
503
504
505
506
504
501
509
510
502
500
503
526
550
564
559
532
509
500
511
519
526
524
512
505
504
505
503
506
505
508
509
509
503
501
496
505
540
557
557
545
530
515
505
508
518
520
516
507
498
492
498
503
506
503
496
492
490
492
503
503
513
540
558
558
547
537
529
528
530
532
531
524
521
522
519
516
514
511
506
507
502
499
491
502
532
556
555
540
524
509
505
512
515
516
507
505
501
498
496
501
500
501
498
503
505
512
540
563
563
549
529
515
506
507
517
515
514
514
509
509
511
508
502
496
497
499
498
504
505
516
547
569
569
551
537
525
519
522
522
522
517
514
511
506
501
501
503
505
502
498
499
500
498
500
519
544
556
549
531
515
503
503
508
512
508
504
503
501
498
499
498
500
496
494
498
498
500
496
509
538
556
552
538
527
516
510
511
517
510
510
508
506
505
502
498
498
501
503
508
511
511
508
507
507
532
559
567
558
541
527
513
513
516
524
522
518
513
509
504
501
498
502
502
502
497
496
501
502
518
541
555
549
534
519
508
504
510
510
511
510
510
502
494
489
491
498
504
505
503
501
499
494
491
514
548
567
563
549
531
517
511
513
514
509
508
510
506
504
506
507
506
506
505
505
509
506
507
504
516
545
566
569
553
530
520
518
521
515
516
519
517
510
506
500
498
499
497
496
497
498
501
500
517
551
572
565
546
524
505
499
508
514
511
504
500
501
501
501
502
504
501
495
495
495
500
502
502
526
557
567
555
536
520
513
515
522
520
518
519
520
514
507
508
508
507
507
507
506
505
505
505
510
536
564
568
553
539
524
513
513
519
521
516
512
508
509
503
498
496
499
502
501
498
497
497
521
554
570
563
545
526
508
506
513
513
511
509
505
502
498
494
496
497
500
498
497
498
504
502
501
526
556
567
558
543
525
509
508
519
526
523
515
509
506
500
501
506
509
504
504
503
502
500
505
503
512
539
560
563
551
535
516
506
506
510
511
511
511
509
499
493
490
489
490
491
493
498
503
496
509
543
563
558
541
520
504
502
508
510
507
501
501
496
494
494
498
496
497
497
497
497
495
496
493
514
553
571
567
548
530
517
509
514
516
513
510
509
507
504
502
501
504
501
504
510
511
508
507
502
509
537
560
563
554
539
521
509
507
509
508
504
502
499
494
494
495
496
494
492
499
496
499
498
505
534
559
562
551
535
516
504
508
520
519
514
512
511
506
502
500
496
497
495
495
497
499
500
498
501
526
557
569
562
543
530
516
512
515
522
519
513
508
506
502
501
501
502
501
505
506
506
503
500
521
546
556
550
537
518
504
499
506
514
516
508
501
496
496
496
495
497
496
495
501
509
501
500
532
564
574
559
534
519
507
508
514
517
515
511
506
505
503
502
500
505
510
509
512
505
505
503
517
550
575
572
554
533
514
511
517
523
521
516
506
501
498
498
496
496
494
493
494
501
503
523
551
568
562
540
520
504
503
513
514
509
505
501
497
496
497
499
499
496
498
501
502
495
504
540
572
576
565
540
519
506
504
508
511
513
511
505
