507
507
508
508
507
507
509
508
512
518
521
520
514
513
510
508
510
510
508
507
509
510
510
510
508
507
508
508
508
506
506
507
508
507
508
514
519
520
520
517
513
511
511
510
509
507
507
510
508
508
508
507
507
507
507
510
510
508
506
504
504
506
510
518
522
519
512
509
513
514
517
516
512
510
513
515
512
508
506
507
509
510
509
507
507
510
509
509
510
511
516
519
518
517
514
511
511
511
510
510
510
511
510
509
510
511
511
512
510
509
507
507
507
508
509
512
518
520
519
516
516
511
512
513
511
509
508
510
510
508
508
508
509
508
508
508
509
508
508
508
507
509
514
522
522
520
518
516
514
512
513
513
511
510
512
511
509
508
509
510
509
509
509
510
509
509
508
509
508
514
521
523
522
520
518
514
513
512
513
512
513
513
509
510
508
508
509
509
508
508
508
509
507
507
513
522
524
520
517
514
511
509
510
512
509
510
510
511
509
507
507
506
507
508
509
507
508
507
506
507
507
510
517
522
520
518
516
514
511
511
510
509
508
510
510
510
509
507
508
510
512
509
510
510
509
508
508
508
507
511
515
518
517
515
513
510
510
511
512
511
511
511
511
509
510
508
509
509
509
508
507
508
510
510
511
515
517
515
514
513
513
509
509
510
508
508
509
508
508
509
509
509
509
508
508
507
509
509
509
510
511
516
519
517
516
514
512
511
510
511
512
511
512
510
510
509
509
508
508
507
508
509
510
511
511
511
512
513
518
522
521
520
519
515
513
514
514
514
512
511
510
511
512
513
512
510
509
508
509
509
509
510
512
517
523
526
521
519
515
512
513
513
513
509
509
509
509
508
510
509
510
508
507
507
507
507
508
510
512
518
525
526
522
516
511
508
508
510
510
509
511
511
511
510
509
508
510
509
508
508
508
508
510
510
510
512
520
524
522
518
516
514
513
514
514
514
513
511
510
509
510
509
508
510
510
510
508
508
509
